0 0.721875 0.3515625 0.0359375 0.075
1 0.66640625 0.35 0.01640625 0.034375
1 0.5109375 0.228125 0.0578125 0.06484375
1 0.6125 0.5171875 0.0375 0.05703125
1 0.3109375 0.54296875 0.08515625 0.0796875
1 0.23515625 0.65390625 0.0875 0.10703125
0 0.159375 0.384375 0.0453125 0.1046875
0 0.240625 0.32578125 0.0546875 0.11328125
0 0.34375 0.2734375 0.05 0.1125
1 0.28515625 0.20703125 0.015625 0.03203125
1 0.34453125 0.184375 0.0171875 0.02578125
1 0.31640625 0.17578125 0.0203125 0.02578125
1 0.1765625 0.2359375 0.01640625 0.03203125
1 0.13515625 0.25078125 0.0125 0.03203125
0 0.11171875 0.2609375 0.021875 0.05390625
1 0.07421875 0.2875 0.0171875 0.04140625
1 0.096875 0.39765625 0.025 0.04296875
1 0.5296875 0.6109375 0.03125 0.040625