1 0.73203125 0.32578125 0.05390625 0.13359375
1 0.56796875 0.1796875 0.01875 0.1125
1 0.6125 0.509375 0.05546875 0.08671875
1 0.24296875 0.67890625 0.0609375 0.10546875
1 0.12734375 0.35234375 0.04140625 0.078125
1 0.68984375 0.33828125 0.0375 0.07109375
0 0.546875 0.42890625 0.071875 0.12109375
0 0.44140625 0.46171875 0.04609375 0.11953125
1 0.37734375 0.27578125 0.01796875 0.046875
0 0.3515625 0.27578125 0.0265625 0.07578125
1 0.3296875 0.16875 0.025 0.06875
0 0.2984375 0.19296875 0.01875 0.0546875
1 0.2703125 0.184375 0.0171875 0.04375
0 0.19765625 0.2359375 0.02265625 0.0578125
0 0.14453125 0.2828125 0.0359375 0.08515625
0 0.12109375 0.259375 0.0375 0.0734375