1 0.78125 0.65 0.0421875 0.09375
0 0.39375 0.40390625 0.04921875 0.1046875
1 0.65546875 0.284375 0.025 0.0640625
0 0.66953125 0.2671875 0.0203125 0.1
0 0.5171875 0.26953125 0.0421875 0.09765625
0 0.7375 0.22421875 0.03359375 0.0515625
1 0.27890625 0.39921875 0.03359375 0.0578125
0 0.2890625 0.34140625 0.03125 0.06015625
1 0.46328125 0.296875 0.0515625 0.040625
1 0.54921875 0.3609375 0.03984375 0.05
0 0.60234375 0.4 0.0484375 0.06640625
1 0.91875 0.36796875 0.0328125 0.05390625
1 0.6765625 0.16640625 0.02109375 0.0640625
1 0.74609375 0.1953125 0.0171875 0.0328125