0 0.871875 0.36875 0.071875 0.29140625
0 0.4390625 0.24765625 0.03515625 0.0671875
0 0.4390625 0.23515625 0.03671875 0.09765625
0 0.31875 0.25625 0.0296875 0.1046875
0 0.77109375 0.52421875 0.11484375 0.12734375
1 0.603125 0.515625 0.10234375 0.12734375
1 0.71015625 0.32421875 0.021875 0.0921875
1 0.78359375 0.3515625 0.04140625 0.19140625
1 0.73828125 0.540625 0.07265625 0.07265625
1 0.2609375 0.30703125 0.07265625 0.07421875
1 0.2171875 0.19296875 0.0265625 0.05859375
1 0.36328125 0.13203125 0.0359375 0.07890625