0 0.128125 0.36875 0.071875 0.29140625
0 0.5609375 0.24765625 0.03515625 0.0671875
0 0.5609375 0.23515625 0.03671875 0.09765625
0 0.68125 0.25625 0.0296875 0.1046875
0 0.22890625 0.52421875 0.11484375 0.12734375
1 0.396875 0.515625 0.10234375 0.12734375
1 0.28984375 0.32421875 0.021875 0.0921875
1 0.21640625 0.3515625 0.04140625 0.19140625
1 0.26171875 0.540625 0.07265625 0.07265625
1 0.7390625 0.30703125 0.07265625 0.07421875
1 0.7828125 0.19296875 0.0265625 0.05859375
1 0.63671875 0.13203125 0.0359375 0.07890625