0 0.303125 0.5453125 0.16171875 0.38203125
0 0.13984375 0.5140625 0.17578125 0.46328125
0 0.6765625 0.6703125 0.1703125 0.659375
0 0.53671875 0.52421875 0.13515625 0.659375
0 0.37265625 0.37578125 0.11171875 0.340625
0 0.2375 0.3171875 0.13125 0.28203125
0 0.84765625 0.47421875 0.13828125 0.45859375
0 0.79453125 0.315625 0.11171875 0.4375
0 0.70546875 0.25078125 0.08046875 0.2984375
0 0.44375 0.50546875 0.13671875 0.3359375
0 0.934375 0.7890625 0.13125 0.421875
0 0.8625 0.7171875 0.17109375 0.565625
0 0.13125 0.75703125 0.121875 0.4859375
0 0.471875 0.8265625 0.190625 0.34609375
0 0.03828125 0.446875 0.07265625 0.2359375
0 0.04921875 0.2625 0.0921875 0.21640625
0 0.95390625 0.36640625 0.0921875 0.44453125
0 0.31953125 0.2609375 0.0546875 0.153125
0 0.153125 0.23359375 0.05859375 0.1375
0 0.65 0.16796875 0.06796875 0.178125
0 0.09296875 0.24765625 0.06328125 0.19921875