0 0.696875 0.5453125 0.16171875 0.38203125
0 0.86015625 0.5140625 0.17578125 0.46328125
0 0.3234375 0.6703125 0.1703125 0.659375
0 0.46328125 0.52421875 0.13515625 0.659375
0 0.62734375 0.37578125 0.11171875 0.340625
0 0.7625 0.3171875 0.13125 0.28203125
0 0.15234375 0.47421875 0.13828125 0.45859375
0 0.20546875 0.315625 0.11171875 0.4375
0 0.29453125 0.25078125 0.08046875 0.2984375
0 0.55625 0.50546875 0.13671875 0.3359375
0 0.065625 0.7890625 0.13125 0.421875
0 0.1375 0.7171875 0.17109375 0.565625
0 0.86875 0.75703125 0.121875 0.4859375
0 0.528125 0.8265625 0.190625 0.34609375
0 0.96171875 0.446875 0.07265625 0.2359375
0 0.95078125 0.2625 0.0921875 0.21640625
0 0.04609375 0.36640625 0.0921875 0.44453125
0 0.68046875 0.2609375 0.0546875 0.153125
0 0.846875 0.23359375 0.05859375 0.1375
0 0.35 0.16796875 0.06796875 0.178125
0 0.90703125 0.24765625 0.06328125 0.19921875