0 0.103125 0.12578125 0.20234375 0.23984375
0 0.35390625 0.12578125 0.27265625 0.23671875
0 0.63515625 0.1296875 0.2828125 0.23515625
0 0.890625 0.12890625 0.21875 0.23125
0 0.8890625 0.371875 0.221875 0.24375
0 0.63984375 0.378125 0.25625 0.2328125
0 0.35703125 0.375 0.2828125 0.2328125
0 0.10859375 0.3796875 0.21015625 0.23828125
0 0.11171875 0.62109375 0.2171875 0.23359375
0 0.359375 0.61875 0.27109375 0.24140625
0 0.640625 0.62265625 0.26171875 0.23671875
0 0.8890625 0.621875 0.221875 0.2390625
0 0.11328125 0.88359375 0.2171875 0.2328125
0 0.35703125 0.87890625 0.2703125 0.2421875
0 0.63046875 0.884375 0.2875 0.23125
0 0.8859375 0.87890625 0.228125 0.24140625