0 0.896875 0.12578125 0.20234375 0.23984375
0 0.64609375 0.12578125 0.27265625 0.23671875
0 0.36484375 0.1296875 0.2828125 0.23515625
0 0.109375 0.12890625 0.21875 0.23125
0 0.1109375 0.371875 0.221875 0.24375
0 0.36015625 0.378125 0.25625 0.2328125
0 0.64296875 0.375 0.2828125 0.2328125
0 0.89140625 0.3796875 0.21015625 0.23828125
0 0.88828125 0.62109375 0.2171875 0.23359375
0 0.640625 0.61875 0.27109375 0.24140625
0 0.359375 0.62265625 0.26171875 0.23671875
0 0.1109375 0.621875 0.221875 0.2390625
0 0.88671875 0.88359375 0.2171875 0.2328125
0 0.64296875 0.87890625 0.2703125 0.2421875
0 0.36953125 0.884375 0.2875 0.23125
0 0.1140625 0.87890625 0.228125 0.24140625