0 0.728125 0.6953125 0.24609375 0.353125
0 0.5203125 0.71328125 0.18046875 0.3390625
0 0.34609375 0.68671875 0.19921875 0.3484375
0 0.25078125 0.65390625 0.14375 0.3703125
0 0.3859375 0.48828125 0.10078125 0.2421875
0 0.50078125 0.51875 0.12734375 0.275
0 0.63671875 0.5140625 0.13984375 0.240625
0 0.72421875 0.440625 0.13671875 0.39375
0 0.60390625 0.359375 0.10625 0.328125
0 0.48828125 0.30546875 0.11328125 0.2796875
0 0.3453125 0.38203125 0.12578125 0.3234375
0 0.5796875 0.21484375 0.13203125 0.2390625
0 0.44609375 0.20625 0.16171875 0.275