0 0.271875 0.6953125 0.24609375 0.353125
0 0.4796875 0.71328125 0.18046875 0.3390625
0 0.65390625 0.68671875 0.19921875 0.3484375
0 0.74921875 0.65390625 0.14375 0.3703125
0 0.6140625 0.48828125 0.10078125 0.2421875
0 0.49921875 0.51875 0.12734375 0.275
0 0.36328125 0.5140625 0.13984375 0.240625
0 0.27578125 0.440625 0.13671875 0.39375
0 0.39609375 0.359375 0.10625 0.328125
0 0.51171875 0.30546875 0.11328125 0.2796875
0 0.6546875 0.38203125 0.12578125 0.3234375
0 0.4203125 0.21484375 0.13203125 0.2390625
0 0.55390625 0.20625 0.16171875 0.275