0 0.425 0.51953125 0.85 0.96015625
0 0.96875 0.76328125 0.0625 0.17265625
0 0.9671875 0.93828125 0.065625 0.1234375
0 0.8671875 0.15078125 0.08515625 0.19140625
0 0.9734375 0.16328125 0.053125 0.1890625
0 0.97109375 0.3640625 0.0578125 0.17734375
0 0.86875 0.35234375 0.08515625 0.1671875
0 0.87265625 0.578125 0.08125 0.1625
0 0.86796875 0.7703125 0.065625 0.15703125
0 0.828125 0.6953125 0.03828125 0.075
0 0.88046875 0.9546875 0.04140625 0.08984375
0 0.9734375 0.57265625 0.053125 0.1765625
0 0.42109375 0.1 0.0640625 0.16875
0 0.32890625 0.09765625 0.1234375 0.1953125
0 0.33828125 0.33828125 0.1078125 0.20078125