0 0.81640625 0.6328125 0.02265625 0.08515625
0 0.74375 0.725 0.08515625 0.1765625
0 0.61328125 0.64296875 0.025 0.0796875
0 0.58203125 0.77109375 0.07265625 0.19921875
0 0.58359375 0.6734375 0.04921875 0.0875
0 0.4921875 0.65 0.0359375 0.07890625
0 0.44140625 0.63828125 0.0234375 0.06796875
0 0.28359375 0.7078125 0.03203125 0.13671875
0 0.1890625 0.7390625 0.06875 0.1859375
1 0.2109375 0.79921875 0.034375 0.1078125
0 0.1015625 0.7 0.03359375 0.12421875
0 0.06171875 0.778125 0.06015625 0.1796875
0 0.025 0.7 0.03046875 0.1046875