0 0.81484375 0.63515625 0.02265625 0.08359375
0 0.8 0.72578125 0.0796875 0.1765625
0 0.6140625 0.715625 0.053125 0.17421875
0 0.625 0.64609375 0.02109375 0.08671875
0 0.55078125 0.771875 0.08046875 0.19609375
0 0.5203125 0.653125 0.03125 0.07890625
0 0.490625 0.63828125 0.02109375 0.08359375
0 0.440625 0.640625 0.02265625 0.06796875
0 0.3046875 0.70859375 0.0546875 0.134375
0 0.1859375 0.746875 0.05859375 0.18828125
1 0.1765625 0.8046875 0.03359375 0.11171875
0 0.20625 0.6984375 0.0265625 0.11484375
0 0.059375 0.78046875 0.06015625 0.17734375
0 0.040625 0.703125 0.028125 0.1125
0 0.1171875 0.70390625 0.0421875 0.13046875