0 0.8265625 0.728125 0.04453125 0.265625
0 0.21171875 0.7875 0.0375 0.2390625
0 0.1 0.7546875 0.03046875 0.17890625
0 0.40703125 0.80078125 0.0484375 0.290625
0 0.275 0.80703125 0.04453125 0.2359375
0 0.2453125 0.8171875 0.05625 0.2625
0 0.46015625 0.8234375 0.078125 0.3140625
0 0.6375 0.8390625 0.071875 0.321875
0 0.5796875 0.84921875 0.07890625 0.3015625
0 0.5265625 0.803125 0.04765625 0.26953125
0 0.5578125 0.75625 0.04296875 0.20703125
0 0.7765625 0.6328125 0.02265625 0.11953125
0 0.98359375 0.621875 0.0328125 0.14921875