0 0.9875 0.7703125 0.025 0.20234375
0 0.93984375 0.7734375 0.06796875 0.19296875
0 0.934375 0.65703125 0.034375 0.065625
0 0.8953125 0.7046875 0.04375 0.1375
0 0.77734375 0.71875 0.04921875 0.1734375
1 0.7421875 0.7546875 0.0375 0.096875
0 0.40078125 0.7453125 0.06484375 0.2078125
0 0.38671875 0.71171875 0.07578125 0.178125
0 0.5203125 0.696875 0.06484375 0.1546875
0 0.5796875 0.634375 0.03984375 0.07265625
0 0.5578125 0.61953125 0.02265625 0.059375
0 0.46875 0.61796875 0.0234375 0.08203125
0 0.41796875 0.6140625 0.0171875 0.05390625
0 0.18359375 0.6125 0.0234375 0.078125