0 0.18359375 0.6328125 0.02265625 0.08515625
0 0.25625 0.725 0.08515625 0.1765625
0 0.38671875 0.64296875 0.025 0.0796875
0 0.41796875 0.77109375 0.07265625 0.19921875
0 0.41640625 0.6734375 0.04921875 0.0875
0 0.5078125 0.65 0.0359375 0.07890625
0 0.55859375 0.63828125 0.0234375 0.06796875
0 0.71640625 0.7078125 0.03203125 0.13671875
0 0.8109375 0.7390625 0.06875 0.1859375
1 0.7890625 0.79921875 0.034375 0.1078125
0 0.8984375 0.7 0.03359375 0.12421875
0 0.93828125 0.778125 0.06015625 0.1796875
0 0.975 0.7 0.03046875 0.1046875