0 0.98671875 0.7609375 0.0265625 0.19375
0 0.934375 0.77109375 0.065625 0.1921875
0 0.9203125 0.67890625 0.0484375 0.078125
0 0.94765625 0.6640625 0.02734375 0.08828125
0 0.80078125 0.68828125 0.0359375 0.12265625
0 0.765625 0.71328125 0.059375 0.16953125
0 0.73828125 0.7484375 0.034375 0.0953125
0 0.39609375 0.72421875 0.0625 0.19609375
0 0.553125 0.6875 0.0328125 0.15859375
0 0.43359375 0.7109375 0.053125 0.18359375
0 0.45625 0.6140625 0.028125 0.08359375
0 0.4296875 0.61875 0.01796875 0.07578125
0 0.55859375 0.609375 0.021875 0.0484375
0 0.60390625 0.628125 0.0328125 0.07109375
0 0.06875 0.596875 0.03046875 0.07265625
0 0.18125 0.60703125 0.02265625 0.08046875