0 0.0125 0.7703125 0.025 0.20234375
0 0.06015625 0.7734375 0.06796875 0.19296875
0 0.065625 0.65703125 0.034375 0.065625
0 0.1046875 0.7046875 0.04375 0.1375
0 0.22265625 0.71875 0.04921875 0.1734375
1 0.2578125 0.7546875 0.0375 0.096875
0 0.59921875 0.7453125 0.06484375 0.2078125
0 0.61328125 0.71171875 0.07578125 0.178125
0 0.4796875 0.696875 0.06484375 0.1546875
0 0.4203125 0.634375 0.03984375 0.07265625
0 0.4421875 0.61953125 0.02265625 0.059375
0 0.53125 0.61796875 0.0234375 0.08203125
0 0.58203125 0.6140625 0.0171875 0.05390625
0 0.81640625 0.6125 0.0234375 0.078125