1 0.590625 0.6953125 0.265625 0.609375
1 0.39453125 0.80859375 0.11171875 0.3828125
1 0.46875 0.54609375 0.13203125 0.3703125
1 0.31171875 0.63515625 0.1859375 0.7296875
1 0.8359375 0.55234375 0.328125 0.8953125
1 0.6375 0.27890625 0.0921875 0.2640625
1 0.5375 0.27734375 0.196875 0.4828125
1 0.42421875 0.26640625 0.103125 0.30703125
1 0.27734375 0.19765625 0.10703125 0.253125
1 0.24140625 0.43984375 0.10390625 0.278125
1 0.1109375 0.565625 0.21875 0.86875
1 0.70390625 0.2796875 0.0796875 0.23125