0 0.51484375 0.675 0.19375 0.65
0 0.74296875 0.653125 0.22109375 0.69375
0 0.91875 0.653125 0.1625 0.6890625
0 0.14453125 0.603125 0.14765625 0.79375
0 0.28984375 0.6078125 0.140625 0.784375
0 0.428125 0.6515625 0.14453125 0.69609375
0 0.6671875 0.64453125 0.109375 0.7109375
0 0.353125 0.34921875 0.121875 0.35
0 0.49453125 0.31875 0.1390625 0.40625
0 0.8984375 0.32265625 0.14296875 0.225
0 0.40078125 0.22578125 0.071875 0.16171875
0 0.81953125 0.27890625 0.0984375 0.296875
0 0.6234375 0.22109375 0.09375 0.2328125
0 0.07734375 0.56484375 0.10546875 0.7640625
0 0.21015625 0.2296875 0.071875 0.25078125
0 0.1375 0.14140625 0.0921875 0.16953125
0 0.06015625 0.19453125 0.07890625 0.25234375
0 0.2921875 0.15 0.12890625 0.1953125
0 0.34375 0.1046875 0.06640625 0.15625
0 0.43671875 0.0765625 0.115625 0.153125
0 0.9140625 0.15703125 0.07734375 0.16484375
0 0.95078125 0.25625 0.0578125 0.29375