0 0.86484375 0.5515625 0.16484375 0.803125
0 0.725 0.65390625 0.1546875 0.6890625
0 0.13671875 0.571875 0.14765625 0.71953125
0 0.234375 0.35 0.13671875 0.4359375
0 0.625 0.34609375 0.1046875 0.3125
1 0.4328125 0.33046875 0.1078125 0.275
1 0.3296875 0.38984375 0.09296875 0.29765625
1 0.52734375 0.4140625 0.08515625 0.315625
1 0.60546875 0.68359375 0.1125 0.50234375
1 0.50234375 0.68671875 0.10625 0.471875
1 0.4078125 0.6875 0.08046875 0.540625
1 0.32109375 0.6921875 0.096875 0.56484375
1 0.190625 0.703125 0.1640625 0.59375