0 0.13515625 0.5515625 0.16484375 0.803125
0 0.275 0.65390625 0.1546875 0.6890625
0 0.86328125 0.571875 0.14765625 0.71953125
0 0.765625 0.35 0.13671875 0.4359375
0 0.375 0.34609375 0.1046875 0.3125
1 0.5671875 0.33046875 0.1078125 0.275
1 0.6703125 0.38984375 0.09296875 0.29765625
1 0.47265625 0.4140625 0.08515625 0.315625
1 0.39453125 0.68359375 0.1125 0.50234375
1 0.49765625 0.68671875 0.10625 0.471875
1 0.5921875 0.6875 0.08046875 0.540625
1 0.67890625 0.6921875 0.096875 0.56484375
1 0.809375 0.703125 0.1640625 0.59375