0 0.47109375 0.775 0.0953125 0.45
0 0.31328125 0.78359375 0.134375 0.4328125
0 0.2453125 0.77734375 0.1 0.4453125
0 0.0953125 0.72109375 0.06484375 0.3078125
0 0.05625 0.71796875 0.06015625 0.31953125
0 0.58515625 0.684375 0.06640625 0.27578125
0 0.5125 0.6609375 0.03125 0.2125
0 0.77890625 0.640625 0.02109375 0.14296875
0 0.81640625 0.63515625 0.028125 0.16171875
0 0.8890625 0.684375 0.03203125 0.17265625
0 0.8671875 0.67109375 0.028125 0.17265625
0 0.8390625 0.67578125 0.0265625 0.1484375
0 0.96640625 0.61796875 0.01953125 0.10078125