0 0.51171875 0.6015625 0.2625 0.63984375
0 0.70390625 0.68984375 0.13046875 0.378125
0 0.465625 0.76875 0.2515625 0.4625
0 0.5578125 0.80703125 0.190625 0.38515625
0 0.72421875 0.5 0.34609375 0.43671875
0 0.22109375 0.54921875 0.23046875 0.42734375
0 0.11015625 0.8640625 0.1734375 0.271875
0 0.25078125 0.70859375 0.12890625 0.271875
0 0.08671875 0.53046875 0.0984375 0.29609375
0 0.03515625 0.559375 0.0703125 0.315625
0 0.1265625 0.31015625 0.071875 0.21953125
0 0.303125 0.3953125 0.1734375 0.32578125
0 0.71640625 0.16640625 0.09140625 0.225
0 0.48515625 0.2234375 0.08203125 0.1703125
0 0.58828125 0.25078125 0.0875 0.2296875
0 0.63984375 0.140625 0.090625 0.1578125
0 0.290625 0.0671875 0.0625 0.134375
0 0.871875 0.21953125 0.209375 0.35078125
0 0.91328125 0.3234375 0.0984375 0.221875
0 0.9265625 0.5921875 0.146875 0.51875
0 0.79296875 0.8234375 0.1859375 0.353125
0 0.9578125 0.74140625 0.084375 0.5171875