0 0.68671875 0.60546875 0.08359375 0.3484375
0 0.58359375 0.584375 0.1 0.365625
0 0.1 0.56015625 0.05859375 0.31171875
0 0.92890625 0.4859375 0.040625 0.19296875
0 0.9578125 0.5640625 0.02578125 0.12109375
0 0.99296875 0.56015625 0.0140625 0.11171875
0 0.81796875 0.496875 0.01953125 0.134375
0 0.7921875 0.56875 0.021875 0.0765625
0 0.7453125 0.50078125 0.0296875 0.11328125
0 0.53203125 0.54140625 0.01796875 0.05546875
0 0.51640625 0.5390625 0.01640625 0.04765625
0 0.46171875 0.53359375 0.015625 0.084375
0 0.4203125 0.53359375 0.01796875 0.084375
0 0.37421875 0.53203125 0.03125 0.0890625
0 0.3453125 0.52734375 0.01953125 0.09609375
0 0.32265625 0.528125 0.0234375 0.09453125
0 0.275 0.53046875 0.0203125 0.08515625
0 0.2546875 0.52890625 0.01640625 0.08515625
0 0.19140625 0.515625 0.01171875 0.0703125
0 0.17421875 0.52109375 0.0234375 0.090625
0 0.15234375 0.52265625 0.01875 0.0875
0 0.1359375 0.525 0.015625 0.08359375
0 0.0375 0.521875 0.01484375 0.08046875
0 0.02578125 0.5234375 0.015625 0.07890625