0 0.6375 0.8578125 0.0421875 0.14921875
0 0.4125 0.859375 0.0375 0.13203125
0 0.3703125 0.859375 0.040625 0.13359375
0 0.73515625 0.87578125 0.046875 0.178125
0 0.6921875 0.8796875 0.053125 0.17890625
0 0.24921875 0.88515625 0.0421875 0.18515625
0 0.20859375 0.88515625 0.04609375 0.17890625
0 0.1625 0.875 0.046875 0.16171875
0 0.8546875 0.87578125 0.05078125 0.1828125
0 0.81328125 0.86328125 0.0296875 0.13359375
0 0.81640625 0.80390625 0.01953125 0.05546875
0 0.86953125 0.85078125 0.02890625 0.14453125
0 0.5734375 0.83203125 0.0171875 0.06484375
0 0.70625 0.82734375 0.01875 0.06953125