0 0.63515625 0.56640625 0.17265625 0.11640625
0 0.26875 0.684375 0.11328125 0.1640625
0 0.396875 0.64453125 0.0640625 0.0859375
0 0.0734375 0.64765625 0.07734375 0.084375
0 0.19140625 0.646875 0.078125 0.09609375
0 0.1515625 0.63515625 0.04765625 0.07890625
0 0.11484375 0.63671875 0.03359375 0.075
0 0.24140625 0.6125 0.02109375 0.034375
0 0.21796875 0.60625 0.0234375 0.02265625
0 0.18046875 0.6046875 0.02734375 0.03203125
0 0.34765625 0.615625 0.015625 0.0140625
0 0.2046875 0.59296875 0.01796875 0.01484375