0 0.58125 0.6859375 0.09921875 0.55390625
0 0.4921875 0.640625 0.08984375 0.609375
0 0.340625 0.67734375 0.06953125 0.32421875
0 0.12578125 0.66875 0.07421875 0.34140625
0 0.04140625 0.70625 0.06328125 0.27421875
0 0.89296875 0.67890625 0.06015625 0.2703125
0 0.946875 0.67421875 0.04765625 0.24921875
0 0.7265625 0.67109375 0.0421875 0.246875
0 0.6640625 0.675 0.05234375 0.23515625
0 0.79296875 0.6859375 0.03125 0.1640625
0 0.42421875 0.67734375 0.0359375 0.18125
0 0.39375 0.67578125 0.02734375 0.15234375
0 0.27890625 0.69140625 0.04765625 0.17578125
0 0.25 0.690625 0.02578125 0.125
0 0.19296875 0.690625 0.021875 0.1015625