0 0.0203125 0.84375 0.03984375 0.1328125
0 0.17421875 0.8484375 0.06328125 0.12890625
0 0.2875 0.81640625 0.0453125 0.0734375
0 0.33046875 0.825 0.03984375 0.0828125
0 0.34921875 0.81953125 0.03046875 0.08671875
0 0.38671875 0.8171875 0.0453125 0.09140625
0 0.44765625 0.8 0.03046875 0.0609375
0 0.52265625 0.7953125 0.021875 0.04296875
0 0.63046875 0.79453125 0.02421875 0.01953125
0 0.6796875 0.80078125 0.02578125 0.0234375
0 0.75078125 0.80546875 0.03671875 0.03203125
0 0.77109375 0.81015625 0.0203125 0.0328125
0 0.525 0.846875 0.0328125 0.0265625