0 0.93046875 0.63125 0.1359375 0.7375
0 0.0203125 0.55 0.0390625 0.3640625
0 0.09140625 0.46875 0.05625 0.18828125
0 0.12109375 0.59921875 0.06328125 0.2578125
0 0.20078125 0.5765625 0.0296875 0.24375
0 0.2296875 0.571875 0.02421875 0.23515625
0 0.1640625 0.49765625 0.02890625 0.24921875
0 0.17890625 0.48125 0.0328125 0.23515625
0 0.25 0.52890625 0.04296875 0.30390625
0 0.30234375 0.4921875 0.0671875 0.240625
0 0.13125 0.425 0.025 0.090625
0 0.39375 0.45234375 0.0171875 0.11640625
0 0.41796875 0.453125 0.03515625 0.13984375
0 0.45546875 0.50703125 0.05 0.2125
0 0.5140625 0.53671875 0.08515625 0.29609375
0 0.56796875 0.54296875 0.06640625 0.2671875
0 0.496875 0.434375 0.0203125 0.05
0 0.81640625 0.6875 0.1203125 0.625