0 0.98359375 0.51953125 0.0328125 0.17265625
0 0.93984375 0.5171875 0.0328125 0.19375
0 0.90546875 0.5140625 0.040625 0.209375
0 0.84921875 0.63203125 0.115625 0.5046875
0 0.79765625 0.4703125 0.02421875 0.06015625
0 0.778125 0.41875 0.03046875 0.07421875
0 0.80546875 0.4375 0.02421875 0.053125
0 0.76796875 0.45078125 0.021875 0.0609375
0 0.71171875 0.68515625 0.1453125 0.62890625
0 0.615625 0.63671875 0.1 0.4875
0 0.5234375 0.68515625 0.18203125 0.61796875
0 0.48203125 0.64140625 0.071875 0.46640625
0 0.32734375 0.67421875 0.228125 0.6515625
0 0.22265625 0.68203125 0.1796875 0.6359375
0 0.10234375 0.6765625 0.18046875 0.64453125
0 0.29140625 0.428125 0.0359375 0.09140625
0 0.19140625 0.46953125 0.0640625 0.16953125
0 0.32109375 0.44765625 0.02578125 0.04453125
0 0.515625 0.42734375 0.034375 0.07578125
0 0.6171875 0.42421875 0.02109375 0.05625
0 0.59453125 0.44921875 0.03046875 0.06171875