0 0.85625 0.69921875 0.03984375 0.22578125
0 0.50625 0.73203125 0.07734375 0.2296875
0 0.81484375 0.68203125 0.03828125 0.17578125
0 0.775 0.66328125 0.0359375 0.15078125
0 0.68125 0.68359375 0.0203125 0.13671875
0 0.653125 0.6703125 0.03359375 0.15234375
0 0.6171875 0.6609375 0.0390625 0.14296875
0 0.46796875 0.65234375 0.04140625 0.128125
0 0.4421875 0.684375 0.0359375 0.16484375
0 0.41328125 0.690625 0.03203125 0.13515625
0 0.371875 0.640625 0.01875 0.10234375
0 0.31015625 0.6359375 0.02734375 0.09453125
0 0.275 0.6421875 0.01796875 0.09921875
0 0.3515625 0.63984375 0.01640625 0.09140625
0 0.92734375 0.6578125 0.0609375 0.14609375
0 0.91015625 0.66015625 0.02578125 0.12421875
0 0.73359375 0.6390625 0.0359375 0.08984375
0 0.584375 0.62890625 0.01875 0.08046875
0 0.71640625 0.61875 0.01796875 0.065625
0 0.52890625 0.61328125 0.015625 0.05703125
0 0.50625 0.60703125 0.0171875 0.05078125
0 0.0421875 0.65078125 0.0234375 0.0984375
0 0.20078125 0.65703125 0.0171875 0.1046875
0 0.2234375 0.63671875 0.0265625 0.10234375
0 0.1796875 0.64296875 0.015625 0.08828125
0 0.16015625 0.63828125 0.02734375 0.103125
0 0.121875 0.65390625 0.0359375 0.0953125
0 0.0875 0.66640625 0.03828125 0.11328125
0 0.07265625 0.66171875 0.0453125 0.12265625
0 0.103125 0.640625 0.015625 0.1
0 0.14375 0.6390625 0.0203125 0.0890625
0 0.15546875 0.6421875 0.01171875 0.084375
0 0.25 0.63125 0.025 0.08984375
0 0.5640625 0.61171875 0.0140625 0.0671875
0 0.55546875 0.62265625 0.0125 0.07109375