0 0.0734375 0.628125 0.146875 0.4265625
0 0.49765625 0.51328125 0.32109375 0.68359375
0 0.140625 0.41328125 0.096875 0.24453125
0 0.215625 0.37890625 0.0953125 0.28828125
0 0.35234375 0.3828125 0.0859375 0.2515625
0 0.26015625 0.32109375 0.06953125 0.246875
0 0.62578125 0.54375 0.078125 0.2234375
0 0.671875 0.328125 0.08984375 0.2484375
0 0.79921875 0.49296875 0.109375 0.2734375
0 0.74765625 0.26328125 0.10859375 0.19453125
0 0.94140625 0.3296875 0.10234375 0.2125
0 0.9453125 0.2484375 0.03984375 0.11171875
0 0.8609375 0.30546875 0.11171875 0.23984375