0 0.06953125 0.63125 0.1359375 0.7375
0 0.9796875 0.55 0.0390625 0.3640625
0 0.90859375 0.46875 0.05625 0.18828125
0 0.87890625 0.59921875 0.06328125 0.2578125
0 0.79921875 0.5765625 0.0296875 0.24375
0 0.7703125 0.571875 0.02421875 0.23515625
0 0.8359375 0.49765625 0.02890625 0.24921875
0 0.82109375 0.48125 0.0328125 0.23515625
0 0.75 0.52890625 0.04296875 0.30390625
0 0.69765625 0.4921875 0.0671875 0.240625
0 0.86875 0.425 0.025 0.090625
0 0.60625 0.45234375 0.0171875 0.11640625
0 0.58203125 0.453125 0.03515625 0.13984375
0 0.54453125 0.50703125 0.05 0.2125
0 0.4859375 0.53671875 0.08515625 0.29609375
0 0.43203125 0.54296875 0.06640625 0.2671875
0 0.503125 0.434375 0.0203125 0.05
0 0.18359375 0.6875 0.1203125 0.625