0 0.53359375 0.6265625 0.0578125 0.25078125
0 0.62734375 0.53515625 0.23515625 0.63046875
0 0.74453125 0.54140625 0.23046875 0.634375
0 0.89296875 0.646875 0.04765625 0.20234375
0 0.45078125 0.64609375 0.01953125 0.08984375
0 0.3953125 0.665625 0.02578125 0.09375
0 0.33203125 0.6703125 0.02890625 0.1
0 0.425 0.6734375 0.01953125 0.08203125
0 0.225 0.66640625 0.02265625 0.1015625
0 0.178125 0.66484375 0.03828125 0.12734375
0 0.16015625 0.65859375 0.0453125 0.1421875
0 0.12734375 0.66171875 0.0296875 0.12265625
0 0.24921875 0.6546875 0.015625 0.0765625
0 0.29921875 0.65078125 0.0234375 0.03203125
0 0.27109375 0.65546875 0.0265625 0.03046875
0 0.27109375 0.59609375 0.0390625 0.08046875