0 0.98046875 0.70625 0.0390625 0.2109375
0 0.934375 0.70546875 0.0546875 0.2328125
0 0.88671875 0.7109375 0.03984375 0.1953125
0 0.8484375 0.71015625 0.0328125 0.2046875
0 0.81875 0.70390625 0.03046875 0.22578125
0 0.7859375 0.70078125 0.05078125 0.27890625
0 0.74296875 0.70390625 0.03515625 0.25078125
0 0.70078125 0.69921875 0.065625 0.3078125
0 0.6546875 0.70859375 0.05390625 0.30078125
0 0.60546875 0.6859375 0.06484375 0.36953125
0 0.5296875 0.6875 0.0875 0.3984375
0 0.47734375 0.684375 0.05859375 0.39375
0 0.41015625 0.68203125 0.128125 0.41640625
0 0.29609375 0.6921875 0.0703125 0.45859375
0 0.21328125 0.71328125 0.0671875 0.415625
0 0.1359375 0.69375 0.10625 0.46640625
0 0.0921875 0.69375 0.0640625 0.45234375
0 0.0375 0.7171875 0.075 0.4
0 0.371875 0.59765625 0.0390625 0.121875