0 0.04296875 0.84296875 0.0703125 0.23671875
0 0.1125 0.8390625 0.05078125 0.23203125
0 0.27265625 0.79765625 0.03359375 0.1734375
0 0.2484375 0.73828125 0.02109375 0.084375
0 0.2265625 0.78046875 0.0390625 0.16953125
0 0.209375 0.74296875 0.0265625 0.109375
0 0.18515625 0.78125 0.0359375 0.14609375
0 0.3328125 0.72265625 0.01875 0.0875
0 0.31328125 0.7203125 0.01953125 0.090625
0 0.4046875 0.78359375 0.0421875 0.171875
0 0.36328125 0.78515625 0.03203125 0.15
0 0.6515625 0.76328125 0.028125 0.10390625
0 0.6171875 0.77578125 0.02890625 0.134375
0 0.62734375 0.71796875 0.0203125 0.0671875
0 0.6484375 0.7109375 0.0203125 0.071875
0 0.61484375 0.703125 0.01484375 0.05
0 0.596875 0.71328125 0.021875 0.0546875
0 0.5703125 0.71875 0.0171875 0.07734375
0 0.53046875 0.71796875 0.01875 0.06171875
0 0.503125 0.73515625 0.0125 0.06875
0 0.49140625 0.73046875 0.0234375 0.09140625
0 0.48203125 0.7234375 0.0171875 0.08984375
0 0.39140625 0.68984375 0.0203125 0.034375
0 0.45390625 0.6953125 0.01640625 0.05
0 0.7953125 0.7875 0.04140625 0.146875
0 0.734375 0.72109375 0.028125 0.06875