0 0.6328125 0.7765625 0.04140625 0.1546875
0 0.50078125 0.75625 0.0421875 0.14375
0 0.51875 0.7453125 0.0203125 0.146875
0 0.90234375 0.82421875 0.07421875 0.2875
0 0.9328125 0.803125 0.07265625 0.2546875
0 0.021875 0.7828125 0.04296875 0.16796875
0 0.14296875 0.746875 0.02734375 0.0953125
0 0.171875 0.74296875 0.025 0.0921875
0 0.20625 0.72734375 0.0265625 0.08828125
0 0.05546875 0.7296875 0.02265625 0.0734375
0 0.11796875 0.7265625 0.01953125 0.0640625
0 0.38515625 0.715625 0.021875 0.07734375
0 0.43203125 0.71328125 0.0109375 0.06328125
0 0.228125 0.73515625 0.021875 0.084375
0 0.24453125 0.7328125 0.025 0.078125
0 0.98671875 0.6984375 0.0265625 0.05859375
0 0.8515625 0.75 0.0359375 0.13984375
0 0.7921875 0.73203125 0.0484375 0.13046875
0 0.55546875 0.71796875 0.02421875 0.07265625
0 0.54296875 0.7109375 0.015625 0.06953125
0 0.66796875 0.71015625 0.01875 0.053125
0 0.68671875 0.72265625 0.02109375 0.065625
0 0.7078125 0.71953125 0.01796875 0.065625