0 0.31484375 0.4421875 0.290625 0.46875
0 0.67421875 0.48125 0.1734375 0.51484375
0 0.89296875 0.4859375 0.09609375 0.2625
0 0.75078125 0.43203125 0.09140625 0.24296875
0 0.809375 0.4328125 0.06796875 0.15234375
0 0.46015625 0.48984375 0.06171875 0.29296875
0 0.38984375 0.48125 0.08359375 0.18671875
0 0.21171875 0.50859375 0.04609375 0.15
0 0.115625 0.521875 0.05 0.1640625
0 0.52265625 0.515625 0.0375 0.12109375
0 0.58046875 0.5140625 0.02265625 0.0890625
0 0.246875 0.51796875 0.03359375 0.08515625
0 0.17578125 0.53828125 0.0109375 0.06171875
0 0.16484375 0.5375 0.009375 0.0609375
0 0.15546875 0.53984375 0.01484375 0.06015625
0 0.278125 0.52734375 0.01953125 0.0953125