0 0.3078125 0.07265625 0.015625 0.1125
0 0.29609375 0.08359375 0.0140625 0.103125
0 0.2828125 0.07109375 0.01484375 0.11484375
0 0.3953125 0.09375 0.01484375 0.09375
0 0.36796875 0.10078125 0.0203125 0.10234375
0 0.390625 0.171875 0.0171875 0.12265625
0 0.3765625 0.17421875 0.015625 0.13046875
0 0.3328125 0.06875 0.0234375 0.08828125
0 0.33046875 0.15234375 0.01953125 0.13125
0 0.3203125 0.1703125 0.0234375 0.0671875
0 0.31640625 0.234375 0.03203125 0.10703125
0 0.221875 0.21875 0.02734375 0.09765625
0 0.32109375 0.36796875 0.025 0.0859375
0 0.40390625 0.3484375 0.01875 0.08515625
0 0.3828125 0.35390625 0.01796875 0.0859375
0 0.65625 0.4375 0.028125 0.18515625
0 0.7640625 0.57890625 0.0484375 0.13125
0 0.75625 0.69375 0.0328125 0.21328125
0 0.72265625 0.6953125 0.03203125 0.2125
0 0.6953125 0.7765625 0.03671875 0.2375
0 0.62109375 0.72109375 0.03984375 0.1296875
0 0.5609375 0.7015625 0.0390625 0.1296875
0 0.45546875 0.78359375 0.04921875 0.18828125
0 0.49921875 0.2140625 0.0171875 0.134375